7
3 4
1 1
3 4
1 2 2 2
0 1 0 1
2 2 1 1
3 5
2 1
2 5
1 2 1 2 1
1 0 0 0 2
1 1 2 2 1
5 5
1 1
4 5
1 2 2 0 1 
0 2 1 0 1
1 0 2 0 2
1 2 2 0 2
1 0 1 1 1
3 3
1 1
3 3 
1 2 1
1 2 0
1 0 2
10 10
1 3
9 9
1 2 1 2 1 2 1 2 1 2
0 1 2 1 1 0 1 0 1 0
0 1 1 1 2 2 2 0 2 1
1 2 0 0 0 1 1 1 1 2
0 1 2 1 1 0 1 0 1 0
1 2 1 2 1 2 1 2 1 2
1 0 0 0 2 1 2 1 0 1
0 1 2 1 1 0 1 0 1 0
1 2 2 0 0 1 1 2 1 2
1 0 1 2 1 1 0 0 1 2
5 5
1 2
5 5
2 1 1 0 1
0 1 2 1 0
1 2 1 2 1
1 1 1 1 0 
2 1 1 2 2
100 100
1 1
99 99
1 2 1 0 1 2 1 0 1 2 1 2 1 0 1 2 1 0 1 2 1 2 1 0 1 2 1 0 1 2 1 2 1 0 1 2 1 0 1 2 1 2 1 0 1 2 1 0 1 2 1 2 1 0 1 2 1 0 1 2 1 2 1 0 1 2 1 0 1 2 1 2 1 0 1 2 1 0 1 2 1 2 1 0 1 2 1 0 1 2 1 2 1 0 1 2 1 0 1 2 
1 2 1 0 1 2 1 0 1 2 1 2 1 0 1 2 1 0 1 2 1 2 1 0 1 2 1 0 1 2 1 2 1 0 1 2 1 0 1 2 1 2 1 0 1 2 1 0 1 2 1 2 1 0 1 2 1 0 1 2 1 2 1 0 1 2 1 0 1 2 1 2 1 0 1 2 1 0 1 2 1 2 1 0 1 2 1 0 1 2 1 2 1 0 1 2 1 0 1 2  
0 1 1 1 1 2 2 2 2 0 0 1 1 1 1 2 2 2 2 0 0 1 1 1 1 2 2 2 2 0 0 1 1 1 1 2 2 2 2 0 0 1 1 1 1 2 2 2 2 0 0 1 1 1 1 2 2 2 2 0 0 1 1 1 1 2 2 2 2 0 0 1 1 1 1 2 2 2 2 0 0 1 1 1 1 2 2 2 2 0 0 1 1 1 1 2 2 2 2 0 
2 2 2 2 1 1 1 1 1 2 2 2 2 2 1 1 1 1 1 2 2 2 2 2 1 1 1 1 1 2 2 2 2 2 1 1 1 1 1 2 2 2 2 2 1 1 1 1 1 2 2 2 2 2 1 1 1 1 1 2 2 2 2 2 1 1 1 1 1 2 2 2 2 2 1 1 1 1 1 2 2 2 2 2 1 1 1 1 1 2 2 2 2 2 1 1 1 1 1 2 
0 1 1 2 2 1 2 2 1 1 0 1 1 2 2 1 2 2 1 1 0 1 1 2 2 1 2 2 1 1 0 1 1 2 2 1 2 2 1 1 0 1 1 2 2 1 2 2 1 1 0 1 1 2 2 1 2 2 1 1 0 1 1 2 2 1 2 2 1 1 0 1 1 2 2 1 2 2 1 1 0 1 1 2 2 1 2 2 1 1 0 1 1 2 2 1 2 2 1 1 
1 2 1 0 1 2 1 0 1 2 1 2 1 0 1 2 1 0 1 2 1 2 1 0 1 2 1 0 1 2 1 2 1 0 1 2 1 0 1 2 1 2 1 0 1 2 1 0 1 2 1 2 1 0 1 2 1 0 1 2 1 2 1 0 1 2 1 0 1 2 1 2 1 0 1 2 1 0 1 2 1 2 1 0 1 2 1 0 1 2 1 2 1 0 1 2 1 0 1 2 
1 2 1 0 1 2 1 0 1 2 1 2 1 0 1 2 1 0 1 2 1 2 1 0 1 2 1 0 1 2 1 2 1 0 1 2 1 0 1 2 1 2 1 0 1 2 1 0 1 2 1 2 1 0 1 2 1 0 1 2 1 2 1 0 1 2 1 0 1 2 1 2 1 0 1 2 1 0 1 2 1 2 1 0 1 2 1 0 1 2 1 2 1 0 1 2 1 0 1 2 
1 2 1 0 1 2 1 0 1 2 1 2 1 0 1 2 1 0 1 2 1 2 1 0 1 2 1 0 1 2 1 2 1 0 1 2 1 0 1 2 1 2 1 0 1 2 1 0 1 2 1 2 1 0 1 2 1 0 1 2 1 2 1 0 1 2 1 0 1 2 1 2 1 0 1 2 1 0 1 2 1 2 1 0 1 2 1 0 1 2 1 2 1 0 1 2 1 0 1 2  
0 1 1 1 1 2 2 2 2 0 0 1 1 1 1 2 2 2 2 0 0 1 1 1 1 2 2 2 2 0 0 1 1 1 1 2 2 2 2 0 0 1 1 1 1 2 2 2 2 0 0 1 1 1 1 2 2 2 2 0 0 1 1 1 1 2 2 2 2 0 0 1 1 1 1 2 2 2 2 0 0 1 1 1 1 2 2 2 2 0 0 1 1 1 1 2 2 2 2 0 
2 2 2 2 1 1 1 1 1 2 2 2 2 2 1 1 1 1 1 2 2 2 2 2 1 1 1 1 1 2 2 2 2 2 1 1 1 1 1 2 2 2 2 2 1 1 1 1 1 2 2 2 2 2 1 1 1 1 1 2 2 2 2 2 1 1 1 1 1 2 2 2 2 2 1 1 1 1 1 2 2 2 2 2 1 1 1 1 1 2 2 2 2 2 1 1 1 1 1 2 
0 1 1 2 2 1 2 2 1 1 0 1 1 2 2 1 2 2 1 1 0 1 1 2 2 1 2 2 1 1 0 1 1 2 2 1 2 2 1 1 0 1 1 2 2 1 2 2 1 1 0 1 1 2 2 1 2 2 1 1 0 1 1 2 2 1 2 2 1 1 0 1 1 2 2 1 2 2 1 1 0 1 1 2 2 1 2 2 1 1 0 1 1 2 2 1 2 2 1 1 
1 2 1 0 1 2 1 0 1 2 1 2 1 0 1 2 1 0 1 2 1 2 1 0 1 2 1 0 1 2 1 2 1 0 1 2 1 0 1 2 1 2 1 0 1 2 1 0 1 2 1 2 1 0 1 2 1 0 1 2 1 2 1 0 1 2 1 0 1 2 1 2 1 0 1 2 1 0 1 2 1 2 1 0 1 2 1 0 1 2 1 2 1 0 1 2 1 0 1 2 
1 2 1 0 1 2 1 0 1 2 1 2 1 0 1 2 1 0 1 2 1 2 1 0 1 2 1 0 1 2 1 2 1 0 1 2 1 0 1 2 1 2 1 0 1 2 1 0 1 2 1 2 1 0 1 2 1 0 1 2 1 2 1 0 1 2 1 0 1 2 1 2 1 0 1 2 1 0 1 2 1 2 1 0 1 2 1 0 1 2 1 2 1 0 1 2 1 0 1 2  
0 1 1 1 1 2 2 2 2 0 0 1 1 1 1 2 2 2 2 0 0 1 1 1 1 2 2 2 2 0 0 1 1 1 1 2 2 2 2 0 0 1 1 1 1 2 2 2 2 0 0 1 1 1 1 2 2 2 2 0 0 1 1 1 1 2 2 2 2 0 0 1 1 1 1 2 2 2 2 0 0 1 1 1 1 2 2 2 2 0 0 1 1 1 1 2 2 2 2 0 
2 2 2 2 1 1 1 1 1 2 2 2 2 2 1 1 1 1 1 2 2 2 2 2 1 1 1 1 1 2 2 2 2 2 1 1 1 1 1 2 2 2 2 2 1 1 1 1 1 2 2 2 2 2 1 1 1 1 1 2 2 2 2 2 1 1 1 1 1 2 2 2 2 2 1 1 1 1 1 2 2 2 2 2 1 1 1 1 1 2 2 2 2 2 1 1 1 1 1 2 
1 2 1 0 1 2 1 0 1 2 1 2 1 0 1 2 1 0 1 2 1 2 1 0 1 2 1 0 1 2 1 2 1 0 1 2 1 0 1 2 1 2 1 0 1 2 1 0 1 2 1 2 1 0 1 2 1 0 1 2 1 2 1 0 1 2 1 0 1 2 1 2 1 0 1 2 1 0 1 2 1 2 1 0 1 2 1 0 1 2 1 2 1 0 1 2 1 0 1 2 
1 2 1 0 1 2 1 0 1 2 1 2 1 0 1 2 1 0 1 2 1 2 1 0 1 2 1 0 1 2 1 2 1 0 1 2 1 0 1 2 1 2 1 0 1 2 1 0 1 2 1 2 1 0 1 2 1 0 1 2 1 2 1 0 1 2 1 0 1 2 1 2 1 0 1 2 1 0 1 2 1 2 1 0 1 2 1 0 1 2 1 2 1 0 1 2 1 0 1 2  
0 1 1 1 1 2 2 2 2 0 0 1 1 1 1 2 2 2 2 0 0 1 1 1 1 2 2 2 2 0 0 1 1 1 1 2 2 2 2 0 0 1 1 1 1 2 2 2 2 0 0 1 1 1 1 2 2 2 2 0 0 1 1 1 1 2 2 2 2 0 0 1 1 1 1 2 2 2 2 0 0 1 1 1 1 2 2 2 2 0 0 1 1 1 1 2 2 2 2 0 
2 2 2 2 1 1 1 1 1 2 2 2 2 2 1 1 1 1 1 2 2 2 2 2 1 1 1 1 1 2 2 2 2 2 1 1 1 1 1 2 2 2 2 2 1 1 1 1 1 2 2 2 2 2 1 1 1 1 1 2 2 2 2 2 1 1 1 1 1 2 2 2 2 2 1 1 1 1 1 2 2 2 2 2 1 1 1 1 1 2 2 2 2 2 1 1 1 1 1 2 
0 1 1 2 2 1 2 2 1 1 0 1 1 2 2 1 2 2 1 1 0 1 1 2 2 1 2 2 1 1 0 1 1 2 2 1 2 2 1 1 0 1 1 2 2 1 2 2 1 1 0 1 1 2 2 1 2 2 1 1 0 1 1 2 2 1 2 2 1 1 0 1 1 2 2 1 2 2 1 1 0 1 1 2 2 1 2 2 1 1 0 1 1 2 2 1 2 2 1 1 
1 2 1 0 1 2 1 0 1 2 1 2 1 0 1 2 1 0 1 2 1 2 1 0 1 2 1 0 1 2 1 2 1 0 1 2 1 0 1 2 1 2 1 0 1 2 1 0 1 2 1 2 1 0 1 2 1 0 1 2 1 2 1 0 1 2 1 0 1 2 1 2 1 0 1 2 1 0 1 2 1 2 1 0 1 2 1 0 1 2 1 2 1 0 1 2 1 0 1 2 
1 2 1 0 1 2 1 0 1 2 1 2 1 0 1 2 1 0 1 2 1 2 1 0 1 2 1 0 1 2 1 2 1 0 1 2 1 0 1 2 1 2 1 0 1 2 1 0 1 2 1 2 1 0 1 2 1 0 1 2 1 2 1 0 1 2 1 0 1 2 1 2 1 0 1 2 1 0 1 2 1 2 1 0 1 2 1 0 1 2 1 2 1 0 1 2 1 0 1 2  
0 1 1 1 1 2 2 2 2 0 0 1 1 1 1 2 2 2 2 0 0 1 1 1 1 2 2 2 2 0 0 1 1 1 1 2 2 2 2 0 0 1 1 1 1 2 2 2 2 0 0 1 1 1 1 2 2 2 2 0 0 1 1 1 1 2 2 2 2 0 0 1 1 1 1 2 2 2 2 0 0 1 1 1 1 2 2 2 2 0 0 1 1 1 1 2 2 2 2 0 
2 2 2 2 1 1 1 1 1 2 2 2 2 2 1 1 1 1 1 2 2 2 2 2 1 1 1 1 1 2 2 2 2 2 1 1 1 1 1 2 2 2 2 2 1 1 1 1 1 2 2 2 2 2 1 1 1 1 1 2 2 2 2 2 1 1 1 1 1 2 2 2 2 2 1 1 1 1 1 2 2 2 2 2 1 1 1 1 1 2 2 2 2 2 1 1 1 1 1 2 
0 1 1 2 2 1 2 2 1 1 0 1 1 2 2 1 2 2 1 1 0 1 1 2 2 1 2 2 1 1 0 1 1 2 2 1 2 2 1 1 0 1 1 2 2 1 2 2 1 1 0 1 1 2 2 1 2 2 1 1 0 1 1 2 2 1 2 2 1 1 0 1 1 2 2 1 2 2 1 1 0 1 1 2 2 1 2 2 1 1 0 1 1 2 2 1 2 2 1 1 
0 1 1 2 2 1 2 2 1 1 0 1 1 2 2 1 2 2 1 1 0 1 1 2 2 1 2 2 1 1 0 1 1 2 2 1 2 2 1 1 0 1 1 2 2 1 2 2 1 1 0 1 1 2 2 1 2 2 1 1 0 1 1 2 2 1 2 2 1 1 0 1 1 2 2 1 2 2 1 1 0 1 1 2 2 1 2 2 1 1 0 1 1 2 2 1 2 2 1 1 
1 2 1 0 1 2 1 0 1 2 1 2 1 0 1 2 1 0 1 2 1 2 1 0 1 2 1 0 1 2 1 2 1 0 1 2 1 0 1 2 1 2 1 0 1 2 1 0 1 2 1 2 1 0 1 2 1 0 1 2 1 2 1 0 1 2 1 0 1 2 1 2 1 0 1 2 1 0 1 2 1 2 1 0 1 2 1 0 1 2 1 2 1 0 1 2 1 0 1 2  
0 1 1 1 1 2 2 2 2 0 0 1 1 1 1 2 2 2 2 0 0 1 1 1 1 2 2 2 2 0 0 1 1 1 1 2 2 2 2 0 0 1 1 1 1 2 2 2 2 0 0 1 1 1 1 2 2 2 2 0 0 1 1 1 1 2 2 2 2 0 0 1 1 1 1 2 2 2 2 0 0 1 1 1 1 2 2 2 2 0 0 1 1 1 1 2 2 2 2 0 
1 2 1 0 1 2 1 0 1 2 1 2 1 0 1 2 1 0 1 2 1 2 1 0 1 2 1 0 1 2 1 2 1 0 1 2 1 0 1 2 1 2 1 0 1 2 1 0 1 2 1 2 1 0 1 2 1 0 1 2 1 2 1 0 1 2 1 0 1 2 1 2 1 0 1 2 1 0 1 2 1 2 1 0 1 2 1 0 1 2 1 2 1 0 1 2 1 0 1 2 
1 2 1 0 1 2 1 0 1 2 1 2 1 0 1 2 1 0 1 2 1 2 1 0 1 2 1 0 1 2 1 2 1 0 1 2 1 0 1 2 1 2 1 0 1 2 1 0 1 2 1 2 1 0 1 2 1 0 1 2 1 2 1 0 1 2 1 0 1 2 1 2 1 0 1 2 1 0 1 2 1 2 1 0 1 2 1 0 1 2 1 2 1 0 1 2 1 0 1 2  
0 1 1 1 1 2 2 2 2 0 0 1 1 1 1 2 2 2 2 0 0 1 1 1 1 2 2 2 2 0 0 1 1 1 1 2 2 2 2 0 0 1 1 1 1 2 2 2 2 0 0 1 1 1 1 2 2 2 2 0 0 1 1 1 1 2 2 2 2 0 0 1 1 1 1 2 2 2 2 0 0 1 1 1 1 2 2 2 2 0 0 1 1 1 1 2 2 2 2 0 
2 2 2 2 1 1 1 1 1 2 2 2 2 2 1 1 1 1 1 2 2 2 2 2 1 1 1 1 1 2 2 2 2 2 1 1 1 1 1 2 2 2 2 2 1 1 1 1 1 2 2 2 2 2 1 1 1 1 1 2 2 2 2 2 1 1 1 1 1 2 2 2 2 2 1 1 1 1 1 2 2 2 2 2 1 1 1 1 1 2 2 2 2 2 1 1 1 1 1 2 
0 1 1 2 2 1 2 2 1 1 0 1 1 2 2 1 2 2 1 1 0 1 1 2 2 1 2 2 1 1 0 1 1 2 2 1 2 2 1 1 0 1 1 2 2 1 2 2 1 1 0 1 1 2 2 1 2 2 1 1 0 1 1 2 2 1 2 2 1 1 0 1 1 2 2 1 2 2 1 1 0 1 1 2 2 1 2 2 1 1 0 1 1 2 2 1 2 2 1 1 
1 2 1 0 1 2 1 0 1 2 1 2 1 0 1 2 1 0 1 2 1 2 1 0 1 2 1 0 1 2 1 2 1 0 1 2 1 0 1 2 1 2 1 0 1 2 1 0 1 2 1 2 1 0 1 2 1 0 1 2 1 2 1 0 1 2 1 0 1 2 1 2 1 0 1 2 1 0 1 2 1 2 1 0 1 2 1 0 1 2 1 2 1 0 1 2 1 0 1 2 
1 2 1 0 1 2 1 0 1 2 1 2 1 0 1 2 1 0 1 2 1 2 1 0 1 2 1 0 1 2 1 2 1 0 1 2 1 0 1 2 1 2 1 0 1 2 1 0 1 2 1 2 1 0 1 2 1 0 1 2 1 2 1 0 1 2 1 0 1 2 1 2 1 0 1 2 1 0 1 2 1 2 1 0 1 2 1 0 1 2 1 2 1 0 1 2 1 0 1 2  
1 2 1 0 1 2 1 0 1 2 1 2 1 0 1 2 1 0 1 2 1 2 1 0 1 2 1 0 1 2 1 2 1 0 1 2 1 0 1 2 1 2 1 0 1 2 1 0 1 2 1 2 1 0 1 2 1 0 1 2 1 2 1 0 1 2 1 0 1 2 1 2 1 0 1 2 1 0 1 2 1 2 1 0 1 2 1 0 1 2 1 2 1 0 1 2 1 0 1 2 
1 2 1 0 1 2 1 0 1 2 1 2 1 0 1 2 1 0 1 2 1 2 1 0 1 2 1 0 1 2 1 2 1 0 1 2 1 0 1 2 1 2 1 0 1 2 1 0 1 2 1 2 1 0 1 2 1 0 1 2 1 2 1 0 1 2 1 0 1 2 1 2 1 0 1 2 1 0 1 2 1 2 1 0 1 2 1 0 1 2 1 2 1 0 1 2 1 0 1 2  
0 1 1 1 1 2 2 2 2 0 0 1 1 1 1 2 2 2 2 0 0 1 1 1 1 2 2 2 2 0 0 1 1 1 1 2 2 2 2 0 0 1 1 1 1 2 2 2 2 0 0 1 1 1 1 2 2 2 2 0 0 1 1 1 1 2 2 2 2 0 0 1 1 1 1 2 2 2 2 0 0 1 1 1 1 2 2 2 2 0 0 1 1 1 1 2 2 2 2 0 
2 2 2 2 1 1 1 1 1 2 2 2 2 2 1 1 1 1 1 2 2 2 2 2 1 1 1 1 1 2 2 2 2 2 1 1 1 1 1 2 2 2 2 2 1 1 1 1 1 2 2 2 2 2 1 1 1 1 1 2 2 2 2 2 1 1 1 1 1 2 2 2 2 2 1 1 1 1 1 2 2 2 2 2 1 1 1 1 1 2 2 2 2 2 1 1 1 1 1 2 
1 2 1 0 1 2 1 0 1 2 1 2 1 0 1 2 1 0 1 2 1 2 1 0 1 2 1 0 1 2 1 2 1 0 1 2 1 0 1 2 1 2 1 0 1 2 1 0 1 2 1 2 1 0 1 2 1 0 1 2 1 2 1 0 1 2 1 0 1 2 1 2 1 0 1 2 1 0 1 2 1 2 1 0 1 2 1 0 1 2 1 2 1 0 1 2 1 0 1 2 
1 2 1 0 1 2 1 0 1 2 1 2 1 0 1 2 1 0 1 2 1 2 1 0 1 2 1 0 1 2 1 2 1 0 1 2 1 0 1 2 1 2 1 0 1 2 1 0 1 2 1 2 1 0 1 2 1 0 1 2 1 2 1 0 1 2 1 0 1 2 1 2 1 0 1 2 1 0 1 2 1 2 1 0 1 2 1 0 1 2 1 2 1 0 1 2 1 0 1 2  
0 1 1 1 1 2 2 2 2 0 0 1 1 1 1 2 2 2 2 0 0 1 1 1 1 2 2 2 2 0 0 1 1 1 1 2 2 2 2 0 0 1 1 1 1 2 2 2 2 0 0 1 1 1 1 2 2 2 2 0 0 1 1 1 1 2 2 2 2 0 0 1 1 1 1 2 2 2 2 0 0 1 1 1 1 2 2 2 2 0 0 1 1 1 1 2 2 2 2 0 
2 2 2 2 1 1 1 1 1 2 2 2 2 2 1 1 1 1 1 2 2 2 2 2 1 1 1 1 1 2 2 2 2 2 1 1 1 1 1 2 2 2 2 2 1 1 1 1 1 2 2 2 2 2 1 1 1 1 1 2 2 2 2 2 1 1 1 1 1 2 2 2 2 2 1 1 1 1 1 2 2 2 2 2 1 1 1 1 1 2 2 2 2 2 1 1 1 1 1 2 
0 1 1 2 2 1 2 2 1 1 0 1 1 2 2 1 2 2 1 1 0 1 1 2 2 1 2 2 1 1 0 1 1 2 2 1 2 2 1 1 0 1 1 2 2 1 2 2 1 1 0 1 1 2 2 1 2 2 1 1 0 1 1 2 2 1 2 2 1 1 0 1 1 2 2 1 2 2 1 1 0 1 1 2 2 1 2 2 1 1 0 1 1 2 2 1 2 2 1 1 
1 2 1 0 1 2 1 0 1 2 1 2 1 0 1 2 1 0 1 2 1 2 1 0 1 2 1 0 1 2 1 2 1 0 1 2 1 0 1 2 1 2 1 0 1 2 1 0 1 2 1 2 1 0 1 2 1 0 1 2 1 2 1 0 1 2 1 0 1 2 1 2 1 0 1 2 1 0 1 2 1 2 1 0 1 2 1 0 1 2 1 2 1 0 1 2 1 0 1 2 
1 2 1 0 1 2 1 0 1 2 1 2 1 0 1 2 1 0 1 2 1 2 1 0 1 2 1 0 1 2 1 2 1 0 1 2 1 0 1 2 1 2 1 0 1 2 1 0 1 2 1 2 1 0 1 2 1 0 1 2 1 2 1 0 1 2 1 0 1 2 1 2 1 0 1 2 1 0 1 2 1 2 1 0 1 2 1 0 1 2 1 2 1 0 1 2 1 0 1 2  
0 1 1 1 1 2 2 2 2 0 0 1 1 1 1 2 2 2 2 0 0 1 1 1 1 2 2 2 2 0 0 1 1 1 1 2 2 2 2 0 0 1 1 1 1 2 2 2 2 0 0 1 1 1 1 2 2 2 2 0 0 1 1 1 1 2 2 2 2 0 0 1 1 1 1 2 2 2 2 0 0 1 1 1 1 2 2 2 2 0 0 1 1 1 1 2 2 2 2 0 
2 2 2 2 1 1 1 1 1 2 2 2 2 2 1 1 1 1 1 2 2 2 2 2 1 1 1 1 1 2 2 2 2 2 1 1 1 1 1 2 2 2 2 2 1 1 1 1 1 2 2 2 2 2 1 1 1 1 1 2 2 2 2 2 1 1 1 1 1 2 2 2 2 2 1 1 1 1 1 2 2 2 2 2 1 1 1 1 1 2 2 2 2 2 1 1 1 1 1 2 
0 1 1 2 2 1 2 2 1 1 0 1 1 2 2 1 2 2 1 1 0 1 1 2 2 1 2 2 1 1 0 1 1 2 2 1 2 2 1 1 0 1 1 2 2 1 2 2 1 1 0 1 1 2 2 1 2 2 1 1 0 1 1 2 2 1 2 2 1 1 0 1 1 2 2 1 2 2 1 1 0 1 1 2 2 1 2 2 1 1 0 1 1 2 2 1 2 2 1 1 
0 1 1 2 2 1 2 2 1 1 0 1 1 2 2 1 2 2 1 1 0 1 1 2 2 1 2 2 1 1 0 1 1 2 2 1 2 2 1 1 0 1 1 2 2 1 2 2 1 1 0 1 1 2 2 1 2 2 1 1 0 1 1 2 2 1 2 2 1 1 0 1 1 2 2 1 2 2 1 1 0 1 1 2 2 1 2 2 1 1 0 1 1 2 2 1 2 2 1 1 
1 2 1 0 1 2 1 0 1 2 1 2 1 0 1 2 1 0 1 2 1 2 1 0 1 2 1 0 1 2 1 2 1 0 1 2 1 0 1 2 1 2 1 0 1 2 1 0 1 2 1 2 1 0 1 2 1 0 1 2 1 2 1 0 1 2 1 0 1 2 1 2 1 0 1 2 1 0 1 2 1 2 1 0 1 2 1 0 1 2 1 2 1 0 1 2 1 0 1 2 
1 2 1 0 1 2 1 0 1 2 1 2 1 0 1 2 1 0 1 2 1 2 1 0 1 2 1 0 1 2 1 2 1 0 1 2 1 0 1 2 1 2 1 0 1 2 1 0 1 2 1 2 1 0 1 2 1 0 1 2 1 2 1 0 1 2 1 0 1 2 1 2 1 0 1 2 1 0 1 2 1 2 1 0 1 2 1 0 1 2 1 2 1 0 1 2 1 0 1 2  
0 1 1 1 1 2 2 2 2 0 0 1 1 1 1 2 2 2 2 0 0 1 1 1 1 2 2 2 2 0 0 1 1 1 1 2 2 2 2 0 0 1 1 1 1 2 2 2 2 0 0 1 1 1 1 2 2 2 2 0 0 1 1 1 1 2 2 2 2 0 0 1 1 1 1 2 2 2 2 0 0 1 1 1 1 2 2 2 2 0 0 1 1 1 1 2 2 2 2 0 
2 2 2 2 1 1 1 1 1 2 2 2 2 2 1 1 1 1 1 2 2 2 2 2 1 1 1 1 1 2 2 2 2 2 1 1 1 1 1 2 2 2 2 2 1 1 1 1 1 2 2 2 2 2 1 1 1 1 1 2 2 2 2 2 1 1 1 1 1 2 2 2 2 2 1 1 1 1 1 2 2 2 2 2 1 1 1 1 1 2 2 2 2 2 1 1 1 1 1 2 
0 1 1 2 2 1 2 2 1 1 0 1 1 2 2 1 2 2 1 1 0 1 1 2 2 1 2 2 1 1 0 1 1 2 2 1 2 2 1 1 0 1 1 2 2 1 2 2 1 1 0 1 1 2 2 1 2 2 1 1 0 1 1 2 2 1 2 2 1 1 0 1 1 2 2 1 2 2 1 1 0 1 1 2 2 1 2 2 1 1 0 1 1 2 2 1 2 2 1 1 
1 2 1 0 1 2 1 0 1 2 1 2 1 0 1 2 1 0 1 2 1 2 1 0 1 2 1 0 1 2 1 2 1 0 1 2 1 0 1 2 1 2 1 0 1 2 1 0 1 2 1 2 1 0 1 2 1 0 1 2 1 2 1 0 1 2 1 0 1 2 1 2 1 0 1 2 1 0 1 2 1 2 1 0 1 2 1 0 1 2 1 2 1 0 1 2 1 0 1 2 
1 2 1 0 1 2 1 0 1 2 1 2 1 0 1 2 1 0 1 2 1 2 1 0 1 2 1 0 1 2 1 2 1 0 1 2 1 0 1 2 1 2 1 0 1 2 1 0 1 2 1 2 1 0 1 2 1 0 1 2 1 2 1 0 1 2 1 0 1 2 1 2 1 0 1 2 1 0 1 2 1 2 1 0 1 2 1 0 1 2 1 2 1 0 1 2 1 0 1 2  
0 1 1 1 1 2 2 2 2 0 0 1 1 1 1 2 2 2 2 0 0 1 1 1 1 2 2 2 2 0 0 1 1 1 1 2 2 2 2 0 0 1 1 1 1 2 2 2 2 0 0 1 1 1 1 2 2 2 2 0 0 1 1 1 1 2 2 2 2 0 0 1 1 1 1 2 2 2 2 0 0 1 1 1 1 2 2 2 2 0 0 1 1 1 1 2 2 2 2 0 
2 2 2 2 1 1 1 1 1 2 2 2 2 2 1 1 1 1 1 2 2 2 2 2 1 1 1 1 1 2 2 2 2 2 1 1 1 1 1 2 2 2 2 2 1 1 1 1 1 2 2 2 2 2 1 1 1 1 1 2 2 2 2 2 1 1 1 1 1 2 2 2 2 2 1 1 1 1 1 2 2 2 2 2 1 1 1 1 1 2 2 2 2 2 1 1 1 1 1 2 
0 1 1 2 2 1 2 2 1 1 0 1 1 2 2 1 2 2 1 1 0 1 1 2 2 1 2 2 1 1 0 1 1 2 2 1 2 2 1 1 0 1 1 2 2 1 2 2 1 1 0 1 1 2 2 1 2 2 1 1 0 1 1 2 2 1 2 2 1 1 0 1 1 2 2 1 2 2 1 1 0 1 1 2 2 1 2 2 1 1 0 1 1 2 2 1 2 2 1 1 
1 2 1 0 1 2 1 0 1 2 1 2 1 0 1 2 1 0 1 2 1 2 1 0 1 2 1 0 1 2 1 2 1 0 1 2 1 0 1 2 1 2 1 0 1 2 1 0 1 2 1 2 1 0 1 2 1 0 1 2 1 2 1 0 1 2 1 0 1 2 1 2 1 0 1 2 1 0 1 2 1 2 1 0 1 2 1 0 1 2 1 2 1 0 1 2 1 0 1 2 
1 2 1 0 1 2 1 0 1 2 1 2 1 0 1 2 1 0 1 2 1 2 1 0 1 2 1 0 1 2 1 2 1 0 1 2 1 0 1 2 1 2 1 0 1 2 1 0 1 2 1 2 1 0 1 2 1 0 1 2 1 2 1 0 1 2 1 0 1 2 1 2 1 0 1 2 1 0 1 2 1 2 1 0 1 2 1 0 1 2 1 2 1 0 1 2 1 0 1 2  
0 1 1 1 1 2 2 2 2 0 0 1 1 1 1 2 2 2 2 0 0 1 1 1 1 2 2 2 2 0 0 1 1 1 1 2 2 2 2 0 0 1 1 1 1 2 2 2 2 0 0 1 1 1 1 2 2 2 2 0 0 1 1 1 1 2 2 2 2 0 0 1 1 1 1 2 2 2 2 0 0 1 1 1 1 2 2 2 2 0 0 1 1 1 1 2 2 2 2 0 
2 2 2 2 1 1 1 1 1 2 2 2 2 2 1 1 1 1 1 2 2 2 2 2 1 1 1 1 1 2 2 2 2 2 1 1 1 1 1 2 2 2 2 2 1 1 1 1 1 2 2 2 2 2 1 1 1 1 1 2 2 2 2 2 1 1 1 1 1 2 2 2 2 2 1 1 1 1 1 2 2 2 2 2 1 1 1 1 1 2 2 2 2 2 1 1 1 1 1 2 
0 1 1 2 2 1 2 2 1 1 0 1 1 2 2 1 2 2 1 1 0 1 1 2 2 1 2 2 1 1 0 1 1 2 2 1 2 2 1 1 0 1 1 2 2 1 2 2 1 1 0 1 1 2 2 1 2 2 1 1 0 1 1 2 2 1 2 2 1 1 0 1 1 2 2 1 2 2 1 1 0 1 1 2 2 1 2 2 1 1 0 1 1 2 2 1 2 2 1 1 
0 1 1 1 1 2 2 2 2 0 0 1 1 1 1 2 2 2 2 0 0 1 1 1 1 2 2 2 2 0 0 1 1 1 1 2 2 2 2 0 0 1 1 1 1 2 2 2 2 0 0 1 1 1 1 2 2 2 2 0 0 1 1 1 1 2 2 2 2 0 0 1 1 1 1 2 2 2 2 0 0 1 1 1 1 2 2 2 2 0 0 1 1 1 1 2 2 2 2 0 
2 2 2 2 1 1 1 1 1 2 2 2 2 2 1 1 1 1 1 2 2 2 2 2 1 1 1 1 1 2 2 2 2 2 1 1 1 1 1 2 2 2 2 2 1 1 1 1 1 2 2 2 2 2 1 1 1 1 1 2 2 2 2 2 1 1 1 1 1 2 2 2 2 2 1 1 1 1 1 2 2 2 2 2 1 1 1 1 1 2 2 2 2 2 1 1 1 1 1 2 
1 2 1 0 1 2 1 0 1 2 1 2 1 0 1 2 1 0 1 2 1 2 1 0 1 2 1 0 1 2 1 2 1 0 1 2 1 0 1 2 1 2 1 0 1 2 1 0 1 2 1 2 1 0 1 2 1 0 1 2 1 2 1 0 1 2 1 0 1 2 1 2 1 0 1 2 1 0 1 2 1 2 1 0 1 2 1 0 1 2 1 2 1 0 1 2 1 0 1 2 
1 2 1 0 1 2 1 0 1 2 1 2 1 0 1 2 1 0 1 2 1 2 1 0 1 2 1 0 1 2 1 2 1 0 1 2 1 0 1 2 1 2 1 0 1 2 1 0 1 2 1 2 1 0 1 2 1 0 1 2 1 2 1 0 1 2 1 0 1 2 1 2 1 0 1 2 1 0 1 2 1 2 1 0 1 2 1 0 1 2 1 2 1 0 1 2 1 0 1 2  
0 1 1 1 1 2 2 2 2 0 0 1 1 1 1 2 2 2 2 0 0 1 1 1 1 2 2 2 2 0 0 1 1 1 1 2 2 2 2 0 0 1 1 1 1 2 2 2 2 0 0 1 1 1 1 2 2 2 2 0 0 1 1 1 1 2 2 2 2 0 0 1 1 1 1 2 2 2 2 0 0 1 1 1 1 2 2 2 2 0 0 1 1 1 1 2 2 2 2 0 
2 2 2 2 1 1 1 1 1 2 2 2 2 2 1 1 1 1 1 2 2 2 2 2 1 1 1 1 1 2 2 2 2 2 1 1 1 1 1 2 2 2 2 2 1 1 1 1 1 2 2 2 2 2 1 1 1 1 1 2 2 2 2 2 1 1 1 1 1 2 2 2 2 2 1 1 1 1 1 2 2 2 2 2 1 1 1 1 1 2 2 2 2 2 1 1 1 1 1 2 
0 1 1 2 2 1 2 2 1 1 0 1 1 2 2 1 2 2 1 1 0 1 1 2 2 1 2 2 1 1 0 1 1 2 2 1 2 2 1 1 0 1 1 2 2 1 2 2 1 1 0 1 1 2 2 1 2 2 1 1 0 1 1 2 2 1 2 2 1 1 0 1 1 2 2 1 2 2 1 1 0 1 1 2 2 1 2 2 1 1 0 1 1 2 2 1 2 2 1 1 
1 2 1 0 1 2 1 0 1 2 1 2 1 0 1 2 1 0 1 2 1 2 1 0 1 2 1 0 1 2 1 2 1 0 1 2 1 0 1 2 1 2 1 0 1 2 1 0 1 2 1 2 1 0 1 2 1 0 1 2 1 2 1 0 1 2 1 0 1 2 1 2 1 0 1 2 1 0 1 2 1 2 1 0 1 2 1 0 1 2 1 2 1 0 1 2 1 0 1 2 
1 2 1 0 1 2 1 0 1 2 1 2 1 0 1 2 1 0 1 2 1 2 1 0 1 2 1 0 1 2 1 2 1 0 1 2 1 0 1 2 1 2 1 0 1 2 1 0 1 2 1 2 1 0 1 2 1 0 1 2 1 2 1 0 1 2 1 0 1 2 1 2 1 0 1 2 1 0 1 2 1 2 1 0 1 2 1 0 1 2 1 2 1 0 1 2 1 0 1 2  
0 1 1 1 1 2 2 2 2 0 0 1 1 1 1 2 2 2 2 0 0 1 1 1 1 2 2 2 2 0 0 1 1 1 1 2 2 2 2 0 0 1 1 1 1 2 2 2 2 0 0 1 1 1 1 2 2 2 2 0 0 1 1 1 1 2 2 2 2 0 0 1 1 1 1 2 2 2 2 0 0 1 1 1 1 2 2 2 2 0 0 1 1 1 1 2 2 2 2 0 
2 2 2 2 1 1 1 1 1 2 2 2 2 2 1 1 1 1 1 2 2 2 2 2 1 1 1 1 1 2 2 2 2 2 1 1 1 1 1 2 2 2 2 2 1 1 1 1 1 2 2 2 2 2 1 1 1 1 1 2 2 2 2 2 1 1 1 1 1 2 2 2 2 2 1 1 1 1 1 2 2 2 2 2 1 1 1 1 1 2 2 2 2 2 1 1 1 1 1 2 
0 1 1 2 2 1 2 2 1 1 0 1 1 2 2 1 2 2 1 1 0 1 1 2 2 1 2 2 1 1 0 1 1 2 2 1 2 2 1 1 0 1 1 2 2 1 2 2 1 1 0 1 1 2 2 1 2 2 1 1 0 1 1 2 2 1 2 2 1 1 0 1 1 2 2 1 2 2 1 1 0 1 1 2 2 1 2 2 1 1 0 1 1 2 2 1 2 2 1 1 
0 1 1 2 2 1 2 2 1 1 0 1 1 2 2 1 2 2 1 1 0 1 1 2 2 1 2 2 1 1 0 1 1 2 2 1 2 2 1 1 0 1 1 2 2 1 2 2 1 1 0 1 1 2 2 1 2 2 1 1 0 1 1 2 2 1 2 2 1 1 0 1 1 2 2 1 2 2 1 1 0 1 1 2 2 1 2 2 1 1 0 1 1 2 2 1 2 2 1 1 
2 2 2 2 1 1 1 1 1 2 2 2 2 2 1 1 1 1 1 2 2 2 2 2 1 1 1 1 1 2 2 2 2 2 1 1 1 1 1 2 2 2 2 2 1 1 1 1 1 2 2 2 2 2 1 1 1 1 1 2 2 2 2 2 1 1 1 1 1 2 2 2 2 2 1 1 1 1 1 2 2 2 2 2 1 1 1 1 1 2 2 2 2 2 1 1 1 1 1 2 
0 1 1 2 2 1 2 2 1 1 0 1 1 2 2 1 2 2 1 1 0 1 1 2 2 1 2 2 1 1 0 1 1 2 2 1 2 2 1 1 0 1 1 2 2 1 2 2 1 1 0 1 1 2 2 1 2 2 1 1 0 1 1 2 2 1 2 2 1 1 0 1 1 2 2 1 2 2 1 1 0 1 1 2 2 1 2 2 1 1 0 1 1 2 2 1 2 2 1 1 
1 2 1 0 1 2 1 0 1 2 1 2 1 0 1 2 1 0 1 2 1 2 1 0 1 2 1 0 1 2 1 2 1 0 1 2 1 0 1 2 1 2 1 0 1 2 1 0 1 2 1 2 1 0 1 2 1 0 1 2 1 2 1 0 1 2 1 0 1 2 1 2 1 0 1 2 1 0 1 2 1 2 1 0 1 2 1 0 1 2 1 2 1 0 1 2 1 0 1 2 
1 2 1 0 1 2 1 0 1 2 1 2 1 0 1 2 1 0 1 2 1 2 1 0 1 2 1 0 1 2 1 2 1 0 1 2 1 0 1 2 1 2 1 0 1 2 1 0 1 2 1 2 1 0 1 2 1 0 1 2 1 2 1 0 1 2 1 0 1 2 1 2 1 0 1 2 1 0 1 2 1 2 1 0 1 2 1 0 1 2 1 2 1 0 1 2 1 0 1 2  
0 1 1 1 1 2 2 2 2 0 0 1 1 1 1 2 2 2 2 0 0 1 1 1 1 2 2 2 2 0 0 1 1 1 1 2 2 2 2 0 0 1 1 1 1 2 2 2 2 0 0 1 1 1 1 2 2 2 2 0 0 1 1 1 1 2 2 2 2 0 0 1 1 1 1 2 2 2 2 0 0 1 1 1 1 2 2 2 2 0 0 1 1 1 1 2 2 2 2 0 
2 2 2 2 1 1 1 1 1 2 2 2 2 2 1 1 1 1 1 2 2 2 2 2 1 1 1 1 1 2 2 2 2 2 1 1 1 1 1 2 2 2 2 2 1 1 1 1 1 2 2 2 2 2 1 1 1 1 1 2 2 2 2 2 1 1 1 1 1 2 2 2 2 2 1 1 1 1 1 2 2 2 2 2 1 1 1 1 1 2 2 2 2 2 1 1 1 1 1 2 
0 1 1 2 2 1 2 2 1 1 0 1 1 2 2 1 2 2 1 1 0 1 1 2 2 1 2 2 1 1 0 1 1 2 2 1 2 2 1 1 0 1 1 2 2 1 2 2 1 1 0 1 1 2 2 1 2 2 1 1 0 1 1 2 2 1 2 2 1 1 0 1 1 2 2 1 2 2 1 1 0 1 1 2 2 1 2 2 1 1 0 1 1 2 2 1 2 2 1 1 
1 2 1 0 1 2 1 0 1 2 1 2 1 0 1 2 1 0 1 2 1 2 1 0 1 2 1 0 1 2 1 2 1 0 1 2 1 0 1 2 1 2 1 0 1 2 1 0 1 2 1 2 1 0 1 2 1 0 1 2 1 2 1 0 1 2 1 0 1 2 1 2 1 0 1 2 1 0 1 2 1 2 1 0 1 2 1 0 1 2 1 2 1 0 1 2 1 0 1 2 
1 2 1 0 1 2 1 0 1 2 1 2 1 0 1 2 1 0 1 2 1 2 1 0 1 2 1 0 1 2 1 2 1 0 1 2 1 0 1 2 1 2 1 0 1 2 1 0 1 2 1 2 1 0 1 2 1 0 1 2 1 2 1 0 1 2 1 0 1 2 1 2 1 0 1 2 1 0 1 2 1 2 1 0 1 2 1 0 1 2 1 2 1 0 1 2 1 0 1 2  
0 1 1 1 1 2 2 2 2 0 0 1 1 1 1 2 2 2 2 0 0 1 1 1 1 2 2 2 2 0 0 1 1 1 1 2 2 2 2 0 0 1 1 1 1 2 2 2 2 0 0 1 1 1 1 2 2 2 2 0 0 1 1 1 1 2 2 2 2 0 0 1 1 1 1 2 2 2 2 0 0 1 1 1 1 2 2 2 2 0 0 1 1 1 1 2 2 2 2 0 
2 2 2 2 1 1 1 1 1 2 2 2 2 2 1 1 1 1 1 2 2 2 2 2 1 1 1 1 1 2 2 2 2 2 1 1 1 1 1 2 2 2 2 2 1 1 1 1 1 2 2 2 2 2 1 1 1 1 1 2 2 2 2 2 1 1 1 1 1 2 2 2 2 2 1 1 1 1 1 2 2 2 2 2 1 1 1 1 1 2 2 2 2 2 1 1 1 1 1 2 
1 2 1 0 1 2 1 0 1 2 1 2 1 0 1 2 1 0 1 2 1 2 1 0 1 2 1 0 1 2 1 2 1 0 1 2 1 0 1 2 1 2 1 0 1 2 1 0 1 2 1 2 1 0 1 2 1 0 1 2 1 2 1 0 1 2 1 0 1 2 1 2 1 0 1 2 1 0 1 2 1 2 1 0 1 2 1 0 1 2 1 2 1 0 1 2 1 0 1 2 
1 2 1 0 1 2 1 0 1 2 1 2 1 0 1 2 1 0 1 2 1 2 1 0 1 2 1 0 1 2 1 2 1 0 1 2 1 0 1 2 1 2 1 0 1 2 1 0 1 2 1 2 1 0 1 2 1 0 1 2 1 2 1 0 1 2 1 0 1 2 1 2 1 0 1 2 1 0 1 2 1 2 1 0 1 2 1 0 1 2 1 2 1 0 1 2 1 0 1 2  
0 1 1 1 1 2 2 2 2 0 0 1 1 1 1 2 2 2 2 0 0 1 1 1 1 2 2 2 2 0 0 1 1 1 1 2 2 2 2 0 0 1 1 1 1 2 2 2 2 0 0 1 1 1 1 2 2 2 2 0 0 1 1 1 1 2 2 2 2 0 0 1 1 1 1 2 2 2 2 0 0 1 1 1 1 2 2 2 2 0 0 1 1 1 1 2 2 2 2 0 
2 2 2 2 1 1 1 1 1 2 2 2 2 2 1 1 1 1 1 2 2 2 2 2 1 1 1 1 1 2 2 2 2 2 1 1 1 1 1 2 2 2 2 2 1 1 1 1 1 2 2 2 2 2 1 1 1 1 1 2 2 2 2 2 1 1 1 1 1 2 2 2 2 2 1 1 1 1 1 2 2 2 2 2 1 1 1 1 1 2 2 2 2 2 1 1 1 1 1 2 
0 1 1 2 2 1 2 2 1 1 0 1 1 2 2 1 2 2 1 1 0 1 1 2 2 1 2 2 1 1 0 1 1 2 2 1 2 2 1 1 0 1 1 2 2 1 2 2 1 1 0 1 1 2 2 1 2 2 1 1 0 1 1 2 2 1 2 2 1 1 0 1 1 2 2 1 2 2 1 1 0 1 1 2 2 1 2 2 1 1 0 1 1 2 2 1 2 2 1 1 
1 2 1 0 1 2 1 0 1 2 1 2 1 0 1 2 1 0 1 2 1 2 1 0 1 2 1 0 1 2 1 2 1 0 1 2 1 0 1 2 1 2 1 0 1 2 1 0 1 2 1 2 1 0 1 2 1 0 1 2 1 2 1 0 1 2 1 0 1 2 1 2 1 0 1 2 1 0 1 2 1 2 1 0 1 2 1 0 1 2 1 2 1 0 1 2 1 0 1 2 
1 2 1 0 1 2 1 0 1 2 1 2 1 0 1 2 1 0 1 2 1 2 1 0 1 2 1 0 1 2 1 2 1 0 1 2 1 0 1 2 1 2 1 0 1 2 1 0 1 2 1 2 1 0 1 2 1 0 1 2 1 2 1 0 1 2 1 0 1 2 1 2 1 0 1 2 1 0 1 2 1 2 1 0 1 2 1 0 1 2 1 2 1 0 1 2 1 0 1 2  
0 1 1 1 1 2 2 2 2 0 0 1 1 1 1 2 2 2 2 0 0 1 1 1 1 2 2 2 2 0 0 1 1 1 1 2 2 2 2 0 0 1 1 1 1 2 2 2 2 0 0 1 1 1 1 2 2 2 2 0 0 1 1 1 1 2 2 2 2 0 0 1 1 1 1 2 2 2 2 0 0 1 1 1 1 2 2 2 2 0 0 1 1 1 1 2 2 2 2 0 
2 2 2 2 1 1 1 1 1 2 2 2 2 2 1 1 1 1 1 2 2 2 2 2 1 1 1 1 1 2 2 2 2 2 1 1 1 1 1 2 2 2 2 2 1 1 1 1 1 2 2 2 2 2 1 1 1 1 1 2 2 2 2 2 1 1 1 1 1 2 2 2 2 2 1 1 1 1 1 2 2 2 2 2 1 1 1 1 1 2 2 2 2 2 1 1 1 1 1 2 
0 1 1 2 2 1 2 2 1 1 0 1 1 2 2 1 2 2 1 1 0 1 1 2 2 1 2 2 1 1 0 1 1 2 2 1 2 2 1 1 0 1 1 2 2 1 2 2 1 1 0 1 1 2 2 1 2 2 1 1 0 1 1 2 2 1 2 2 1 1 0 1 1 2 2 1 2 2 1 1 0 1 1 2 2 1 2 2 1 1 0 1 1 2 2 1 2 2 1 1 
0 1 1 2 2 1 2 2 1 1 0 1 1 2 2 1 2 2 1 1 0 1 1 2 2 1 2 2 1 1 0 1 1 2 2 1 2 2 1 1 0 1 1 2 2 1 2 2 1 1 0 1 1 2 2 1 2 2 1 1 0 1 1 2 2 1 2 2 1 1 0 1 1 2 2 1 2 2 1 1 0 1 1 2 2 1 2 2 1 1 0 1 1 2 2 1 2 2 1 1 







